current 10[5] 1,2,3
10[5] 11[10] 1
11[10] 13[8] 1
13[8] 14[8] 1
10[5] 13[10] 2
13[10] 11[13] 2
10[5] 15[2] 3
15[2] 11[6] 3
11[6] 14[6] 3
current 11[0] 4,5,6
11[0] 10[0] 4,5
10[0] 12[2] 4
12[2] 14[7] 4
10[0] 13[2] 5
13[2] 14[1] 5
11[0] 13[4] 6
13[4] 10[2] 6
current 12[0] 7,8
12[0] 10[7] 7
10[7] 11[8] 7
11[8] 13[7] 7
12[0] 14[4] 8
14[4] 11[5] 8
current 13[0] 9,10
13[0] 10[10] 9
10[10] 11[12] 9
13[0] 14[0] 10
current 14[2] 11,12
14[2] 10[9] 11
14[2] 11[2] 12
current 15[0] 13,14
15[0] 11[3] 13
11[3] 10[3] 13
10[3] 13[6] 13
15[0] 13[12] 14
13[12] 14[9] 14
